   SpawnerYr FosterCount SmoltYr passprob SmoltAParameter femalesmolts
1       1991     200.330    1993    0.334            19.1        16024
2       1992     215.146    1994    0.331            18.9        15892
3       1993     155.370    1995    0.333            19.0        15964
4       1994     212.007    1996    0.336            19.2        16079
5       1995     192.150    1997    0.335            19.1        16059
6       1996      97.580    1998    0.332            18.9        15918
7       1997          NA    1999    0.334            19.1         6460
8       1998          NA    2000    0.331            18.9         7794
9       1999          NA    2001    0.330            18.8         7350
10      2000          NA    2002    0.333            19.0         7732
11      2001          NA    2003    0.334            19.1         7338
12      2002          NA    2004    0.331            18.9         9167
13      2003          NA    2005    0.330            18.8         7221
14      2004          NA    2006    0.333            19.0         3698
15      2005          NA    2007    0.331            18.9         3248
16      2006       0.000    2008    0.332            19.0         3006
17      2007       0.000    2009    0.333            19.0         2393
18      2008       0.000    2010    0.331            18.9         2392
19      2009       0.000    2011    0.333            19.0         3005
20      2010     230.000    2012    0.333            19.0         3945
21      2011     169.000    2013    0.331            18.9         3779
22      2012     152.000    2014    0.333            19.0         2702
23      2013     144.000    2015    0.330            18.9         1817
24      2014     106.000    2016    0.331            18.9         2650
25      2015      72.000    2017    0.333            19.0         3124
26      2016      99.000    2018    0.331            18.9         2130
27      2017      36.000    2019    0.330            18.8          992
28      2018      15.000      NA       NA              NA           NA
29      2019      79.000      NA       NA              NA           NA
30      2020     109.000      NA       NA              NA           NA
31      2021      19.000      NA       NA              NA           NA
32      2022      20.000      NA       NA              NA           NA
   smoltsurvival Adults  X predfemalesmolt predAdults
1         0.0156    250 NA               0          0
2         0.0190    303 NA               0          0
3         0.0208    332 NA               0          0
4         0.0277    445 NA               0          0
5         0.0190    306 NA               0          0
6         0.0277    441 NA               0          0
7         0.0468    302 NA               0          0
8         0.0770    600 NA               0          0
9         0.0230    169 NA               0          0
10        0.0180    139 NA               0          0
11        0.0225    165 NA               0          0
12        0.0140    124 NA               0          0
13        0.0140     97 NA               0          0
14        0.0340    124 NA               0          0
15        0.0500    161 NA               0          0
16        0.0720    216 NA               0          0
17        0.0640    153 NA               0          0
18        0.0410     97 NA               0          0
19        0.0230     69 NA               0          0
20        0.0440    174 NA               0          0
21        0.0360    134 NA               0          0
22        0.0240     65 NA               0          0
23        0.0120     22 NA               0          0
24        0.0250     67 NA               0          0
25        0.0170     53 NA               0          0
26        0.0240     50 NA               0          0
27            NA     NA NA               0          0
28            NA     NA NA               0          0
29            NA     NA NA               0          0
30            NA     NA NA               0          0
31            NA     NA NA               0          0
32            NA     NA NA               0          0
[1] 3097.966
[1] 0.0774147
[1] 3.620834
[1] 3097.432
[1] 0.0774147
[1] 3.620834
[1] 3098.028
[1] 0.0774147
[1] 3.620834
[1] 161.386
[1] 0.0774147
[1] 1.648832
[1] 166.9567
[1] 0.0774147
[1] 1.662235
[1] 2603.384
[1] 0.0774147
[1] 3.275504
[1] 162.857
[1] 0.0774147
[1] 1.653457
